K: 99

[[  50.8924434207965,  0.696370080654336,   5.15652619537388,   4.79720970525864, -0.113778996568079],
 [  0.69637008065434,   50.9470531096176,   1.84111552156101,   1.83041396775418,  0.945082774029288],
 [  5.15652619537388,   1.84111552156101,   363.050983765077,   262.687934314953,   31.6014902605167],
 [  4.79720970525864,   1.83041396775418,   262.687934314953,   361.872199616131,   24.9131820160501],
 [-0.113778996568079,  0.945082774029288,   31.6014902605167,   24.9131820160501,   5.95298789718041]]

[[-1397.26337779511],
 [ 1392.56464309935],
 [ -119.60805310751],
 [ -224.57443774463],
 [-50.9813232428137]]

[[-0.0204703090660798, 0.00824789047840549,     -0.506329950204],
 [  0.104780917251917,  -0.193275039465678,   -3.18952438319252]]

[[0.0435471567496636],
 [  8.38174474099988]]

[[ 50.7823211878507, 0.757927580957314,   3.0904561280412],
 [0.757927580957318,  50.7794892531049,  -2.1000424434863],
 [  3.0904561280412,  -2.1000424434863,  129.250491333056]]

[[-1398.00813945824],
 [ 1400.56579499435],
 [ 156.706884343193]]

K: 98

[[ 51.6541086113917,  1.45244749871285,  6.87374809457325,  6.28808713028808, 0.299578361407248],
 [ 1.45244749871284,  51.7360219688923, 0.933014584734026, 0.666309383539947, 0.650579947087439],
 [ 6.87374809457325, 0.933014584734026,  402.110288513928,   282.70294124885,  38.0774695188925],
 [ 6.28808713028808, 0.666309383539947,   282.70294124885,   364.27800665932,  30.5732792513749],
 [0.299578361407248, 0.650579947087439,  38.0774695188925,  30.5732792513749,   7.4665803257241]]

[[-1395.07913497105],
 [ 1392.18687442922],
 [ 38.6638207885193],
 [-160.293007886085],
 [-17.0114613130688]]

[[-0.0211694598541884, 0.00835504718306277,  -0.530292824369707],
 [  0.046559660667939,   -0.12134351982422,   -2.92833907365976]]

[[0.379089134667061],
 [0.726097236113899]]

[[  51.534941470178,  1.46863287054129,  2.66195358903816],
 [ 1.46863287054128,  51.6626453545236, -1.32544317976306],
 [ 2.66195358903816, -1.32544317976306,   140.69120552319]]

[[-1392.4778664419],
 [ 1392.9118493783],
 [173.481379530258]]

K: 97

[[ 52.4054532529864,  2.16372547009482,  6.77810504185074,  6.09445917663321, 0.243658385641634],
 [ 2.16372547009482,  52.6217280570556,  1.39983741990025,   1.1400296862584, 0.760619449650655],
 [ 6.77810504185074,  1.39983741990025,   407.69366485558,  285.233524891865,  39.0366034091831],
 [ 6.09445917663321,   1.1400296862584,  285.233524891865,  364.171580908041,  31.3562396971722],
 [0.243658385641634, 0.760619449650655,  39.0366034091831,  31.3562396971722,  7.69999415359926]]

[[-1389.77547746665],
 [ 1384.64130379534],
 [ 76.4512310805134],
 [ -179.90907945738],
 [-12.7517189349322]]

[[-0.0215755810057014, 0.00827717073562471,  -0.533940668664134],
 [ 0.0562170172267667,  -0.132488464134023,   -2.89535697998693]]

[[ 0.541188450349852],
 [-0.547781693263658]]

[[  52.287659502998,  2.18188842395407,  2.81854742633308],
 [ 2.18188842395407,  52.5303909747378, -1.41113562573736],
 [ 2.81854742633308, -1.41113562573736,   142.37098369363]]

[[-1386.61069815219],
 [ 1384.84162128454],
 [ 209.432783689823]]

K: 96

[[ 53.1534677176439,  2.87647610966163,  6.94890796687658,  6.24837191561644, 0.270237585896823],
 [ 2.87647610966163,  53.4952926830245,  1.43697697035389,  1.15798881268822, 0.751695161682655],
 [ 6.94890796687658,  1.43697697035389,  408.138779639502,  285.217101875959,  39.1409219254161],
 [ 6.24837191561644,  1.15798881268822,  285.217101875959,  363.762623310443,  31.4343809169674],
 [0.270237585896823, 0.751695161682655,  39.1409219254161,  31.4343809169674,   7.7315072655318]]

[[-1384.03365233791],
 [  1376.3311338952],
 [ 110.010584503776],
 [-175.711605290522],
 [-6.80350467502791]]

[[-0.0218244239391496, 0.00804471197264911,  -0.534331232274369],
 [ 0.0537798976602511,  -0.129932711397264,   -2.89006395090467]]

[[0.627442525969411],
 [-1.67105355347682]]

[[ 53.0316339497415,  2.89162975976373,  2.82920379631677],
 [ 2.89162975976373,  53.4069385789885, -1.35421970773824],
 [ 2.82920379631677, -1.35421970773824,  142.618606666577]]

[[-1380.56473955818],
 [ 1375.80158244982],
 [ 223.561346684677]]

K: 95

[[ 53.8935364439059,  3.58594185385978,  7.04290943510779,  6.32834395161136, 0.276304762855873],
 [ 3.58594185385977,  54.3772867894219,  1.54540108234741,  1.25563730337223, 0.763327947784797],
 [ 7.04290943510779,  1.54540108234741,  407.773217792047,  284.782464394318,  39.1138953308268],
 [ 6.32834395161136,  1.25563730337223,  284.782464394318,  363.271962801734,  31.4056012162643],
 [0.276304762855873, 0.763327947784797,  39.1138953308268,  31.4056012162643,  7.73327831551742]]

[[-1378.13333458157],
 [ 1367.10560541873],
 [ 125.355771292956],
 [-175.606364872953],
 [-4.35211894755457]]

[[-0.0220855509589356, 0.00782380917076551,  -0.534241324462431],
 [ 0.0539622688044975,  -0.130480158275087,   -2.88826089404961]]

[[0.669967712165013],
 [-2.15802654030772]]

[[ 53.7686815129621,  3.59940132011456,  2.86400633934886],
 [ 3.59940132011455,  54.2875115046284, -1.33010251457257],
 [ 2.86400633934886, -1.33010251457257,  142.659522532375]]

[[-1374.48982147398],
 [  1366.2995598999],
 [ 231.742003209189]]

K: 94

[[ 54.6265180736653,  4.29342505251869,  7.14760098020832,  6.42188018828911,  0.28573449708488],
 [ 4.29342505251869,  55.2635459631943,  1.63691936997875,   1.3360858736225, 0.770319183140145],
 [ 7.14760098020832,  1.63691936997875,  407.272161160561,  284.267807261598,  39.0662995478774],
 [ 6.42188018828911,   1.3360858736225,  284.267807261598,  362.748890847862,  31.3597654747926],
 [ 0.28573449708488, 0.770319183140145,  39.0662995478774,  31.3597654747926,  7.73048998497699]]

[[-1372.20112087525],
 [ 1357.40267267819],
 [ 133.893864997679],
 [-174.597740176567],
 [-2.94089930584997]]

[[-0.0223439682531121, 0.00759473468224968,  -0.534064058017732],
 [ 0.0536792762056936,  -0.130455932751819,   -2.88703251453622]]

[[0.690633704037469],
 [-2.42121931703248]]

[[ 54.4983658076033,  4.30492176837336,  2.89298080313825],
 [ 4.30492176837336,  55.1732004733639, -1.30057260184483],
 [ 2.89298080313825, -1.30057260184483,  142.669265433295]]

[[-1368.45777985781],
 [ 1356.46030692751],
 [ 235.630714555067]]

K: 93

[[ 55.3521494942837,  4.99869283365821,  7.24840076013465,  6.51218659762729, 0.294279751900066],
 [ 4.99869283365821,  56.1550074299942,  1.73075347847211,  1.41984217270597,  0.77805230579801],
 [ 7.24840076013465,  1.73075347847211,   406.74169380244,  283.732084219475,  39.0147514743882],
 [ 6.51218659762729,  1.41984217270597,  283.732084219475,  362.211986611354,  31.3105725400038],
 [0.294279751900066,  0.77805230579801,  39.0147514743882,  31.3105725400038,  7.72695704069541]]

[[-1366.31342508039],
 [ 1347.36273740323],
 [ 138.280123876623],
 [-173.757756671631],
 [-2.23872374434154]]

[[-0.0226046593090595, 0.00736354814960645,  -0.533869147899515],
 [ 0.0535120191506981,  -0.130531230984727,   -2.88587120062512]]

[[ 0.69978654499767],
 [-2.54589142035093]]

[[ 55.2206912386067,  5.00823293495966,  2.92249178936123],
 [ 5.00823293495967,  56.0639023809515, -1.27261519430466],
 [ 2.92249178936123, -1.27261519430466,  142.674340088952]]

[[-1362.5054888164],
 [ 1346.3754871618],
 [237.504697751789]]

K: 92

[[ 56.0703879715689,  5.70177827945596,  7.34851844598648,  6.60258431369274, 0.302834733770845],
 [ 5.70177827945595,  57.0515933035699,  1.82337101791854,  1.50306749649121, 0.785526976224492],
 [ 7.34851844598648,  1.82337101791854,   406.20368160026,  283.189747789156,  38.9622706577123],
 [ 6.60258431369274,  1.50306749649121,  283.189747789156,  361.669316754492,  31.2605184582303],
 [0.302834733770845, 0.785526976224492,  38.9622706577123,  31.2605184582303,  7.72326808775108]]

[[-1360.50654435732],
 [ 1337.07469039928],
 [ 140.609109037005],
 [-172.891230490773],
 [-1.87457210085712]]

[[-0.0228665394794957, 0.00712942588734413,  -0.533669256232619],
 [ 0.0533433698044461,   -0.13056603944277,   -2.88472350946838]]

[[0.703001500738593],
 [-2.60273488641757]]

[[ 55.9355639418864,  5.70931098319121,  2.95132771009257],
 [  5.7093109831912,  56.9597461657288, -1.24479803063775],
 [ 2.95132771009257, -1.24479803063775,  142.678641376345]]

[[-1356.65311620245],
 [ 1336.08683063978],
 [ 238.283465631694]]

K: 91

[[ 56.7811421284061,  6.40265964945969,  7.44734368065481,  6.69239190801781, 0.311227303735002],
 [  6.4026596494597,  57.9534248970713,  1.91548638290377,  1.58653052118622, 0.792945583024486],
 [ 7.44734368065481,  1.91548638290377,  405.664242944496,  282.645863459672,  38.9095448671885],
 [ 6.69239190801781,  1.58653052118622,  282.645863459672,   361.12502192715,  31.2101972000964],
 [0.311227303735002, 0.792945583024486,  38.9095448671885,  31.2101972000964,  7.71953473719529]]

[[-1354.80095169065],
 [ 1326.58091035297],
 [ 141.836105003095],
 [ -172.04024668383],
 [-1.69336342114264]]

[[-0.0231295456230886,  0.0068926057161996,  -0.533468382487153],
 [ 0.0531962599159729,  -0.130586259530953,   -2.88357941347066]]

[[0.703127375040288],
 [ -2.6233939350092]]

[[ 56.6429062729844,  6.40814565872129,   2.9797155485542],
 [ 6.40814565872129,  57.8608124287118, -1.21739904721184],
 [  2.9797155485542, -1.21739904721184,  142.682848781442]]

[[-1350.91181955665],
 [ 1325.61623476045],
 [ 238.497085024939]]

K: 90

[[ 57.4843290830095,   7.1013261950261,  7.54498171882057,  6.78171752837245, 0.319489014743543],
 [  7.1013261950261,  58.8605838198416,  2.00695525478247,  1.67007846803707, 0.800268317820804],
 [ 7.54498171882057,  2.00695525478247,  405.125906898694,  282.102754727076,  38.8568182533671],
 [ 6.78171752837245,  1.67007846803707,  282.102754727076,  360.581236793893,  31.1598224292147],
 [0.319489014743543, 0.800268317820804,  38.8568182533671,  31.1598224292147,  7.71578505404927]]

[[ -1349.2078740687],
 [ 1315.90318140381],
 [  142.48305385566],
 [-171.198017725959],
 [-1.60718010333899]]

[[ -0.023393488764984, 0.00665306652132233,  -0.533268098019502],
 [  0.053066271067039,  -0.130586412422956,   -2.88243890363983]]

[[0.701647889318472],
 [ -2.6252731761919]]

[[ 57.3426351408615,  7.10472448862727,  3.00760054577753],
 [ 7.10472448862727,  58.7671907943853, -1.19036884604807],
 [ 3.00760054577753, -1.19036884604807,  142.687102834156]]

[[-1345.28824221946],
 [ 1314.97406548738],
 [ 238.410093608111]]

K: 89

[[ 58.1798633060984,   7.7977652120518,  7.64139917784018,  6.87052018143109, 0.327611860029944],
 [  7.7977652120518,  59.7731597898787,  2.09780030198481,   1.7537382304246, 0.807502124438979],
 [ 7.64139917784018,  2.09780030198481,   404.58991070956,  281.561610724272,  38.8042011597046],
 [ 6.87052018143109,   1.7537382304246,  281.561610724272,  360.039102784154,  31.1094917993809],
 [0.327611860029944, 0.807502124438979,  38.8042011597046,  31.1094917993809,  7.71202969884378]]

[[ -1343.7340280534],
 [ 1305.05187412257],
 [ 142.815264047635],
 [-170.366643237317],
 [-1.57191075166023]]

[[-0.0236582626654472, 0.00641082248316742,  -0.533069210956919],
 [ 0.0529542395835964,  -0.130567385400153,    -2.8813023005175]]

[[ 0.69933052166712],
 [-2.61719769832135]]

[[ 58.0346671719243,  7.79903547331178,  3.03498759988003],
 [ 7.79903547331178,  59.6789692532629, -1.16372128155141],
 [ 3.03498759988003, -1.16372128155141,  142.691450973812]]

[[-1339.7866885968],
 [1304.16492409265],
 [238.161626196497]]

K: 88

[[ 58.8676590735246,  8.49196429220401,  7.73659386151376,  6.95879188025149, 0.335596337436162],
 [ 8.49196429220401,  60.6912415376912,  2.18801325940159,   1.8375031559071, 0.814645006618519],
 [ 7.73659386151376,  2.18801325940159,  404.056923901285,  281.023078799904,  38.7517515935252],
 [ 6.95879188025149,   1.8375031559071,  281.023078799904,  359.499245099051,  31.0592560897981],
 [0.335596337436162, 0.814645006618519,  38.7517515935252,  31.0592560897981,  7.70827371301672]]

[[-1338.38376880395],
 [ 1294.03155452732],
 [ 142.971188396043],
 [-169.546217554791],
 [ -1.5644100998848]]

[[-0.0239237790464398, 0.00616587501322245,  -0.532872168027713],
 [ 0.0528598824811964,  -0.130528901169249,   -2.88016996933258]]

[[0.696573596513133],
 [-2.60377983019929]]

[[58.7189180571093,  8.4910663120187, 3.06187285252887],
 [ 8.4910663120187,   60.59623663493, -1.1374571147738],
 [3.06187285252887, -1.1374571147738,  142.69591543665]]

[[-1334.41027709105],
 [ 1293.19035447223],
 [ 237.823415914772]]

K: 87

[[ 59.5476300593737,  9.18391070386265,  7.83056002686668,  7.04652022613639,  0.34344174517061],
 [ 9.18391070386265,  61.6149187544059,  2.27759297115292,  1.92137408755192, 0.821696863500201],
 [ 7.83056002686668,  2.27759297115292,  403.527332924486,  280.487531506963,  38.6995023358114],
 [ 7.04652022613639,  1.92137408755192,  280.487531506963,  358.962022993545,  31.0091434701833],
 [ 0.34344174517061, 0.821696863500201,  38.6995023358114,  31.0091434701833,  7.70451981768981]]

[[-1333.16025818443],
 [ 1282.84373052024],
 [ 143.022327284589],
 [-168.737102355228],
 [-1.57274012565664]]

[[-0.0241899641984849, 0.00591822511227301,  -0.532677241875432],
 [  0.052783085100915,  -0.130470941587756,   -2.87904215240837]]

[[0.693583869467844],
 [-2.58740350638154]]

[[ 59.3953029022421,  9.18080442894616,  3.08825580674602],
 [ 9.18080442894616,  61.5190823153004, -1.11157918493399],
 [ 3.08825580674602, -1.11157918493399,  142.700509758882]]

[[-1329.1615277954],
 [1282.05030324878],
 [237.432726685774]]

K: 86

[[ 60.2196894784478,  9.87359142163218,  7.92329405823522,  7.13369477343246, 0.351147872153753],
 [ 9.87359142163218,  62.5442818011809,  2.36653747320238,  2.00535096929946,  0.82865732303534],
 [ 7.92329405823522,  2.36653747320238,  403.001379891053,  279.955200088213,  38.6474734937551],
 [ 7.13369477343246,  2.00535096929946,  279.955200088213,  358.427657920432,  30.9591707142089],
 [0.351147872153753,  0.82865732303534,  38.6474734937551,  30.9591707142089,  7.70076962057231]]

[[ -1328.0660550261],
 [ 1271.48830815007],
 [ 143.005713210315],
 [-167.939548546695],
 [-1.59070581431396]]

[[-0.0244567508999407, 0.00566787246544866,  -0.532484616154631],
 [ 0.0527236723181209,  -0.130393454648615,    -2.8779190199806]]

[[ 0.69046890683705],
 [-2.56930669532703]]

[[ 60.0637362877244,  9.86823690967279,  3.11413619494274],
 [ 9.86823690967279,  62.4475963836529, -1.08608973894997],
 [ 3.11413619494274, -1.08608973894997,  142.705243589715]]

[[-1324.04266717315],
 [ 1270.74386583346],
 [ 237.008861773592]]

K: 85

[[ 60.8837501050317,  10.5609930793779,  8.01479270321137,  7.22030526203872, 0.358714546026874],
 [ 10.5609930793779,  63.4794218209595,  2.45484520749604,   2.0894342177465, 0.835526119145627],
 [ 8.01479270321137,  2.45484520749604,  402.479232312676,  279.426242735943,  38.5956786469969],
 [ 7.22030526203872,   2.0894342177465,  279.426242735943,  357.896300083024,  30.9093487440226],
 [0.358714546026874, 0.835526119145627,  38.5956786469969,  30.9093487440226,  7.69702418453206]]

[[-1323.10342214994],
 [ 1259.96434042546],
 [ 142.940464275761],
 [-167.153801936975],
 [-1.61510269245871]]

[[-0.0247240753078194, 0.00541481639094117,  -0.532294429690138],
 [ 0.0526814662802889,  -0.130296403300057,   -2.87680069002537]]

[[ 0.68728486402467],
 [-2.55013163341922]]

[[ 60.7241323422484,  10.5533504914996,  3.13951417803352],
 [ 10.5533504914996,  63.3818696754216, -1.06099110390675],
 [ 3.13951417803352, -1.06099110390676,  142.710124831411]]

[[-1319.0557849409],
 [1259.26967535071],
 [236.561830488469]]

K: 84

[[ 61.5397243114335,  11.2461019657746,  8.10505306705477,  7.30634168934925, 0.366141656434373],
 [ 11.2461019657746,  64.4204307538414,  2.54251461207292,  2.17362432016196, 0.842302994786509],
 [ 8.10505306705477,  2.54251461207292,  401.961019095713,  278.900779868487,  38.5441280072314],
 [ 7.30634168934925,  2.17362432016196,  278.900779868487,  357.368062866732,    30.85968547611],
 [0.366141656434373, 0.842302994786509,  38.5441280072314,    30.85968547611,  7.69328431028819]]

[[-1318.27448428116],
 [    1248.27041672],
 [ 142.836419998036],
 [-166.380098998426],
 [-1.64427455504073]]

[[-0.0249918751007108, 0.00515905608486748,  -0.532106799063674],
 [ 0.0526562820627921,  -0.130179751914253,   -2.87568724307265]]

[[0.684061260505492],
 [-2.53021206619374]]

[[ 61.3764047908263,   11.236131562325,  3.16439008730385],
 [  11.236131562325,  64.3219938087186, -1.03628564420487],
 [ 3.16439008730385, -1.03628564420487,  142.715160657776]]

[[-1314.20291501251],
 [ 1247.62610371152],
 [ 236.096821266025]]

K: 83

[[ 62.1875241007056,  11.9289040263782,  8.19407243007321,   7.3917941543723, 0.373429116229309],
 [ 11.9289040263782,  65.3674013621706,   2.6295441069331,  2.25792184005356, 0.848987707505581],
 [ 8.19407243007321,   2.6295441069331,  401.446849130169,  278.378912379529,  38.4928300457485],
 [  7.3917941543723,  2.25792184005356,  278.378912379529,  356.843040678075,   30.810187288704],
 [0.373429116229309, 0.848987707505581,  38.4928300457485,   30.810187288704,  7.68955068171728]]

[[-1313.58130955495],
 [ 1236.40486427746],
 [  142.69860885604],
 [-165.618676039245],
 [-1.67736855775232]]

[[-0.0252600885490636,  0.0049005908081661,  -0.531921830349193],
 [ 0.0526479321944173,  -0.130043466714905,    -2.8745787295862]]

[[ 0.68081382060866],
 [-2.50972177214764]]

[[ 62.0204669966203,  11.9165661680202,  3.18876435939409],
 [ 11.9165661680202,  65.2680612085031, -1.01197581668931],
 [ 3.18876435939409, -1.01197581668931,  142.720358035546]]

[[-1309.48607711891],
 [ 1235.81136573821],
 [ 235.616526132637]]

K: 82

[[ 62.8270611398064,  12.6093848723625,  8.28184818888746,  7.47665281621268, 0.380576851184672],
 [ 12.6093848723625,  66.3204272492379,  2.71593204813374,  2.34232737921869, 0.855580021449455],
 [ 8.28184818888746,  2.71593204813375,  400.936820906912,  277.860731079444,  38.4417923351046],
 [ 7.47665281621268,  2.34232737921869,  277.860731079444,  356.321318173338,  30.7608597804609],
 [0.380576851184672, 0.855580021449455,  38.4417923351046,  30.7608597804609,  7.68582394073484]]

[[-1309.02595142253],
 [ 1224.36585251876],
 [ 142.529567888851],
 [-164.869771705255],
 [-1.71394822194716]]

[[-0.0255286540266678, 0.00463941998084453,  -0.531739625184699],
 [ 0.0526562277296793,  -0.129887514551554,   -2.87347517395406]]

[[0.677551133172562],
 [-2.48875167154005]]

[[  62.6562319981284,   12.5946400235316,   3.21263748909764],
 [  12.5946400235316,   66.2201651271967, -0.988064185517948],
 [  3.21263748909764, -0.988064185517946,   142.725723991962]]

[[-1304.90729810911],
 [ 1223.82357288029],
 [ 235.122346164898]]

K: 81

[[ 63.4582467926909,  13.2875297922583,  8.36837782048119,  7.56090786681983, 0.387584792554078],
 [ 13.2875297922583,  67.2796028769053,  2.80167671183585,   2.4268415667715, 0.862079705219969],
 [ 8.36837782048119,  2.80167671183585,   400.43102748107,  277.346321569088,  38.3910219833166],
 [ 7.56090786681983,   2.4268415667715,  277.346321569088,   355.80297502344,  30.7117081620237],
 [0.387584792554078, 0.862079705219969,  38.3910219833166,  30.7117081620237,  7.68210472607983]]

[[ -1304.6104700916],
 [ 1212.15144685808],
 [ 142.330546030377],
 [-164.133628683963],
 [-1.75379272749586]]

[[-0.0257975097675444, 0.00437554323405147,  -0.531560283914078],
 [ 0.0526809791279976,  -0.129711862517522,   -2.87237657647569]]

[[0.674278106279518],
 [-2.46734981732996]]

[[   63.283612544512,   13.2703385261926,   3.23601000861573],
 [  13.2703385261926,   67.1783996629002, -0.964553432740599],
 [  3.23601000861573, -0.964553432740599,   142.731265753438]]

[[-1300.46862272051],
 [ 1211.66076079076],
 [ 234.615017443925]]

K: 80

[[ 64.0809921534417,  13.9633237655512,  8.45365886713362,  7.64454952083605, 0.394452874040429],
 [ 13.9633237655512,  68.2450235823475,  2.88677628522179,  2.51146505279472, 0.868486530502585],
 [ 8.45365886713362,  2.88677628522179,  399.929559022396,  276.835766744696,  38.3405258569405],
 [ 7.64454952083605,  2.51146505279472,  276.835766744696,  355.288088363245,  30.6627374575074],
 [0.394452874040429, 0.868486530502585,  38.3405258569405,  30.6627374575074,  7.67839369337358]]

[[-1300.33694336982],
 [ 1199.75963632658],
 [ 142.102128912857],
 [-163.410494464041],
 [-1.79679269144727]]

[[-0.0260665937438315, 0.00410896044001964,  -0.531383907200562],
 [ 0.0527219966185819,  -0.129516477718044,   -2.87128291433292]]

[[0.670997760216344],
 [-2.44554215562653]]

[[  63.9025211298188,   13.9436467702426,   3.25888247622178],
 [  13.9436467702426,   68.1428597765196, -0.941446363690287],
 [  3.25888247622178, -0.941446363690286,   142.736990817163]]

[[-1296.17211889535],
 [ 1199.32090332993],
 [ 234.094936094286]]

K: 79

[[ 64.6952080796209,  14.6367514771769,  8.53768892977867,  7.72756801177463, 0.401181029809429],
 [ 14.6367514771769,  69.2167855943793,  2.97122886287193,   2.5961985063858, 0.874800271435556],
 [ 8.53768892977867,  2.97122886287193,    399.4325041129,  276.329148072695,  38.2903106942917],
 [ 7.72756801177463,   2.5961985063858,  276.329148072695,   354.77673403825,  30.6139526069802],
 [0.401181029809429, 0.874800271435556,  38.2903106942917,  30.6139526069802,  7.67469152549937]]

[[ -1296.2074720076],
 [ 1187.18834759662],
 [ 141.844563342759],
 [-162.700621732898],
 [-1.84289605854723]]

[[-0.0263358436180726, 0.00383967172662765,  -0.531210596851298],
 [ 0.0527790904993712,  -0.129301327148302,    -2.8701941419759]]

[[0.667712158134323],
 [-2.42334330231876]]

[[  64.5128700267937,   14.6145495620062,     3.281255472404],
 [  14.6145495620062,   69.1136413082947, -0.918745909722981],
 [    3.281255472404, -0.918745909722981,     142.7429069886]]

[[-1292.01988025493],
 [ 1186.80191952561],
 [ 233.562327193082]]

K: 78

[[ 65.3008052255998,  15.3077973326649,  8.62046566709851,  7.80995359297887, 0.407769193974093],
 [ 15.3077973326649,  70.1949860495974,  3.05503244556192,  2.68104261554758, 0.881020704272992],
 [ 8.62046566709851,  3.05503244556192,   398.93995039418,  275.826546226405,  38.2403831621461],
 [ 7.80995359297887,  2.68104261554758,  275.826546226405,  354.268987227855,   30.565358518231],
 [0.407769193974093, 0.881020704272992,  38.2403831621461,   30.565358518231,  7.67099893783194]]

[[-1292.22418218665],
 [ 1174.43545195074],
 [ 141.557925929405],
 [-162.004268531053],
 [-1.89207997610066]]

[[-0.0266051967259199, 0.00356767748446754,  -0.531040456213497],
 [   0.05285207124749,  -0.129066377623953,   -2.86911019134048]]

[[0.664422889481305],
 [-2.40076214295753]]

[[  65.1145713203307,   15.2830314354804,   3.30312959793101],
 [  15.2830314354804,   70.0908409940596, -0.896455129537908],
 [  3.30312959793101, -0.896455129537908,   142.749022399038]]

[[-1288.01402709765],
 [ 1174.10167687821],
 [ 233.017332540931]]

K: 77

[[ 65.8976940760458,   15.976445473573,  8.70198679652221,  7.89169654000143,   0.4142173001606],
 [  15.976445473573,  71.1797230084265,  3.13818494059799,  2.76599808837017, 0.887147607412083],
 [ 8.70198679652221,  3.13818494059799,  398.451984876451,  275.328041390638,  38.1907498823602],
 [ 7.89169654000143,  2.76599808837017,  275.328041390638,  353.764922743995,  30.5169600913432],
 [  0.4142173001606, 0.887147607412083,  38.1907498823602,  30.5169600913432,  7.66731668097841]]

[[-1288.38922651428],
 [ 1161.49876858763],
 [ 141.242210738683],
 [-161.321698318125],
 [ -1.9443361880564]]

[[ -0.026874590081717, 0.00329297837097407,  -0.530873590370104],
 [ 0.0529407496420985,  -0.128811595768694,    -2.8680309717795]]

[[0.661131320949021],
 [-2.37780474017872]]

[[  65.7075369408691,   15.9490766681608,   3.32450547431284],
 [  15.9490766681608,   71.0745564813125, -0.874577210129851],
 [  3.32450547431284, -0.874577210129853,   142.755345515742]]

[[-1284.15670661604],
 [ 1161.21799277139],
 [ 232.460056336326]]

K: 76

[[ 66.4857849793607,  16.6426797931948,   8.7822500968516,  7.97278715448688, 0.420525281524952],
 [ 16.6426797931948,  72.1710954710903,  3.22068416260395,  2.85106565453469, 0.893180761335567],
 [  8.7822500968516,  3.22068416260395,  397.968694072938,  274.833713394386,  38.1414174434654],
 [ 7.97278715448688,  2.85106565453469,  274.833713394386,  353.264615161373,  30.4687622297778],
 [0.420525281524952, 0.893180761335567,  38.1414174434654,  30.4687622297778,  7.66364554216198]]

[[-1284.70478423716],
 [ 1148.37606603129],
 [ 140.897374914444],
 [-160.653179960073],
 [ -1.9996634324059]]

[[-0.0271439603931496, 0.00301557531016522,  -0.530710106216985],
 [ 0.0530449368296002,  -0.128536947987431,    -2.8669563699578]]

[[0.657838726890866],
 [-2.35447584618865]]

[[  66.2916786976101,   16.6126692970523,   3.34538374465219],
 [  16.6126692970523,   72.0648863452226, -0.853115466980516],
 [  3.34538374465219, -0.853115466980516,   142.761885146632]]

[[-1280.45009270374],
 [ 1148.14863490291],
 [ 231.890588930459]]

K: 75

[[ 67.0649881810572,  17.3064839523227,    8.861253411416,  8.05321576856612, 0.426693070749161],
 [ 17.3064839523227,  73.1692033935516,  3.30252783488747,  2.93624606738438, 0.899119948626882],
 [   8.861253411416,  3.30252783488747,  397.490164042357,  274.343641753462,  38.0923924042344],
 [ 8.05321576856612,  2.93624606738438,  274.343641753462,  352.768138859827,  30.4207698442946],
 [0.426693070749161, 0.899119948626882,  38.0923924042344,  30.4207698442946,  7.65998634564746]]

[[-1281.17306103808],
 [ 1135.06506255607],
 [  140.52336243451],
 [-159.998987692236],
 [-2.05806348892833]]

[[-0.0274132440843679, 0.00273546949069886,  -0.530550112467279],
 [ 0.0531644444063879,  -0.128242400455153,   -2.86588624984646]]

[[0.654546357009132],
 [-2.33077968868871]]

[[  66.8669083115678,   17.2737931347091,    3.3657650753152],
 [  17.2737931347091,   73.0619301045771,  -0.83207334412736],
 [   3.3657650753152, -0.832073344127359,   142.768650440323]]

[[-1276.89638553716],
 [  1134.8913212088],
 [ 231.309019203507]]

K: 74

[[ 67.6352138570672,  17.9678413951736,  8.93899465141327,  8.13297274955355, 0.432720600230992],
 [ 17.9678413951736,  74.1741477034443,  3.38371359089192,  3.02154010612414, 0.904964954131341],
 [ 8.93899465141327,  3.38371359089192,  397.016480382856,  273.857905666087,  38.0436812928286],
 [ 8.13297274955355,  3.02154010612414,  273.857905666087,  352.275568021238,  30.3729878528697],
 [0.432720600230992, 0.904964954131341,  38.0436812928286,  30.3729878528697,  7.65633995306157]]

[[-1277.79628860814],
 [ 1121.56342610741],
 [ 140.120116494802],
 [-159.359401061727],
 [-2.11953912336784]]

[[-0.0276823773199341, 0.00245266236445618,  -0.530393719640067],
 [ 0.0532990844643388,  -0.127927919128316,   -2.86482045251813]]

[[0.651255471399475],
 [-2.30672037903713]]

[[  67.4331374485025,    17.932431785396,    3.3856501572786],
 [   17.932431785396,   74.0657882376792, -0.811454414444505],
 [   3.3856501572786, -0.811454414444507,   142.775650887004]]

[[-1273.49781103323],
 [ 1121.44371953157],
 [ 230.715441014081]]

K: 73

[[ 68.1963721468537,  18.6267353652888,  9.01547179918827,  8.21204850467755, 0.438607802176424],
 [ 18.6267353652888,  75.1860303159334,  3.46423897547595,  3.10694857788022,   0.9107155648923],
 [ 9.01547179918827,  3.46423897547595,  396.547728204361,  273.376583985465,  37.9952906039917],
 [ 8.21204850467755,  3.10694857788022,  273.376583985465,  351.786976602373,  30.3254211787004],
 [0.438607802176424,   0.9107155648923,  37.9952906039917,  30.3254211787004,  7.65270726329925]]

[[-1274.57672409318],
 [ 1107.86877396295],
 [ 139.687585984412],
 [-158.734704855887],
 [-2.18409301422002]]

[[ -0.027951296032861, 0.00216715564192939,  -0.530241040023373],
 [ 0.0534486696586752,  -0.127593469722327,   -2.86375879607375]]

[[0.647967358686988],
 [-2.28230212486699]]

[[  67.9902777515914,   18.5885686612105,   3.40503970783636],
 [  18.5885686612105,   75.0765621982184, -0.791262379439996],
 [  3.40503970783636, -0.791262379439996,   142.782896317311]]

[[-1270.25662023308],
 [ 1107.80344715763],
 [ 230.109956555917]]

K: 72

[[ 68.7483731863813,   19.283148921497,  9.09068291163715,  8.29043348614631, 0.444354608720755],
 [  19.283148921497,  76.2049541495611,   3.5441014465215,  3.19247232018109, 0.916371570249901],
 [ 9.09068291163716,   3.5441014465215,  396.083992083597,  272.899755177583,  37.9472267950268],
 [ 8.29043348614631,  3.19247232018109,  272.899755177583,  351.302438295252,  30.2780747473891],
 [0.444354608720755, 0.916371570249901,  37.9472267950268,  30.2780747473891,  7.64908921241653]]

[[-1271.51664946544],
 [ 1093.97867226555],
 [ 139.225728873622],
 [-158.125189024593],
 [-2.25172719767887]]

[[-0.0282199359550401, 0.00187895128815336,  -0.530092187623801],
 [ 0.0536130132757237,  -0.127239017714612,   -2.86270107552172]]

[[0.644683345243781],
 [-2.25752933956875]]

[[  68.5382408738993,   19.2421869982445,    3.4239344723183],
 [  19.2421869982445,   76.0943544310793, -0.771501069343649],
 [  3.42393447231831, -0.771501069343647,   142.790396900323]]

[[-1267.17508863843],
 [ 1093.96807029473],
 [ 229.492678112672]]

K: 71

[[ 69.2911271407143,   19.937064953824,  9.16462612342968,  8.36811819615582, 0.449960952066448],
 [  19.937064953824,  77.2310231420426,  3.62329837626598,  3.27811220322087, 0.921932761858495],
 [ 9.16462612342968,  3.62329837626598,  395.625356016495,   272.42749727433,   37.899496281097],
 [ 8.36811819615582,  3.27811220322087,   272.42749727433,  350.822026481084,  30.2309534832168],
 [0.449960952066448, 0.921932761858495,   37.899496281097,  30.2309534832168,  7.64548677336332]]

[[-1268.61837085023],
 [ 1079.89063549336],
 [ 138.734513995281],
 [-157.531148593101],
 [ -2.3224427779183]]

[[-0.0284882326479673, 0.00158805151790325,  -0.529947278116157],
 [ 0.0537919292943059,   -0.12686452833905,   -2.86164706268735]]

[[0.641404799803542],
 [-2.23240669885383]]

[[  69.0769385104353,   19.8932698726725,   3.44233522561767],
 [  19.8932698726725,   77.1192683881093,  -0.75217444315788],
 [  3.44233522561766, -0.752174443157881,   142.798163141835]]

[[-1264.2555155175],
 [1079.93510352133],
 [228.863728964396]]

K: 70

[[ 69.8245442364912,  20.5884661993958,  9.23729964980372,   8.4450931916875, 0.455426764594053],
 [ 20.5884661993958,  78.2643422659735,   3.7018270526315,  3.36386913222632,  0.92739893363544],
 [ 9.23729964980372,  3.70182705263151,   395.17190336485,  271.959887822076,  37.8521054304036],
 [  8.4450931916875,  3.36386913222632,  271.959887822076,  350.345814180752,  30.1840623054733],
 [0.455426764594053,  0.92739893363544,  37.8521054304036,  30.1840623054733,  7.64190095572896]]

[[-1265.88421781549],
 [ 1065.60212590502],
 [ 138.213921975201],
 [-156.952883577816],
 [ -2.3962397764882]]

[[-0.0287561215340531, 0.00129445878912202,  -0.529806428782755],
 [ 0.0539852324498249,  -0.126469966566843,   -2.86059650613456]]

[[0.638133135699476],
 [-2.20693916976356]]

[[  69.6062824300551,   20.5418002168109,   3.46024277358029],
 [  20.5418002168109,   78.1514085438062, -0.733286588556327],
 [  3.46024277358029, -0.733286588556327,   142.806205881628]]

[[-1261.50022318154],
 [ 1065.70200922981],
 [ 228.223243843202]]

K: 69

[[ 70.3485347939502,  21.2373352582325,  9.30870178960313,  8.52134908969826, 0.460751978948734],
 [ 21.2373352582325,  79.3050175445385,  3.77968468051585,  3.44974404985734, 0.932769881788553],
 [ 9.30870178960313,  3.77968468051585,  394.723716802614,  271.497003829089,  37.8050605589698],
 [ 8.52134908969826,  3.44974404985734,  271.497003829089,  349.873874003473,   30.137406124294],
 [0.460751978948734, 0.932769881788553,  37.8050605589698,   30.137406124294,   7.6383328053963]]

[[-1263.31654263837],
 [ 1051.11055297425],
 [ 137.663945727538],
 [ -156.39069888734],
 [-2.47311705819899]]

[[-0.0290235379305906, 0.00099817579726969,  -0.529669758454538],
 [ 0.0541927383076169,   -0.12605529710542,   -2.85954913109281]]

[[0.634869811712483],
 [-2.18113202421137]]

[[  70.1261845068454,   21.1877608350556,   3.47765795450371],
 [  21.1877608350556,    79.190880410976, -0.714841722080066],
 [  3.47765795450371, -0.714841722080066,   142.814536291016]]

[[-1258.91155624276],
 [ 1051.26619706925],
 [ 227.571369166595]]

K: 68

[[ 70.8630092585072,  21.8836546090045,   9.3788309277661,  8.59687657198844, 0.465936528066214],
 [ 21.8836546090045,  80.3531560670733,  3.85686838290516,  3.53573793853581, 0.938045404727545],
 [  9.3788309277661,  3.85686838290516,  394.280878260112,  271.038921711651,  37.7583679254879],
 [ 8.59687657198844,  3.53573793853581,  271.038921711651,  349.406278094826,  30.0909898366668],
 [0.465936528066214, 0.938045404727545,  37.7583679254879,  30.0909898366668,  7.63478340419364]]

[[-1260.91771955312],
 [ 1036.41327282962],
 [ 137.084590707215],
 [ -155.84490422533],
 [-2.55307229442179]]

[[  -0.029290417084162, 0.000699205467887177,   -0.529537387445058],
 [  0.0544142633433243,   -0.125620484377942,    -2.85850463940549]]

[[0.631616332278148],
 [-2.15499084516209]]

[[  70.6365567510321,   21.8311344197653,   3.49458164050196],
 [  21.8311344197653,   80.2377905562626,  -0.69684418914416],
 [  3.49458164050196, -0.696844189144159,   142.823165869612]]

[[-1256.49188085608],
 [ 1036.62502339872],
 [ 226.908263135664]]

K: 67

[[ 71.3678782320189,  22.5274066246256,   9.4476855377801,  8.67166639018535,  0.47098034529557],
 [ 22.5274066246256,  81.4088660045686,  3.93337520199969,  3.62185182286566, 0.943225302991489],
 [  9.4476855377801,  3.93337520199969,  393.843468869572,  270.585717240353,  37.7120337261044],
 [ 8.67166639018535,  3.62185182286566,  270.585717240353,  348.943098084016,  30.0448183222093],
 [ 0.47098034529557, 0.943225302991489,  37.7120337261044,  30.0448183222093,  7.63125386947644]]

[[-1258.69014397542],
 [  1021.5075876998],
 [  136.47587503353],
 [-155.315813988172],
 [-2.63610194519798]]

[[ -0.0295566942044695, 0.000397550948836679,   -0.529409437484206],
 [   0.054649625004734,   -0.125165492507543,    -2.85746270950942]]

[[0.628374247335766],
 [-2.12852152898886]]

[[   71.137311339536,   22.4719035669468,   3.51101473850742],
 [  22.4719035669467,   81.2922466156028, -0.679298464158669],
 [  3.51101473850742, -0.679298464158669,   142.832106441991]]

[[-1254.24358393903],
 [ 1021.77579074885],
 [ 226.234095756278]]

K: 66

[[  71.863052503481,  23.1685735877466,   9.5152641837692,  8.74570937056474, 0.475883364337751],
 [ 23.1685735877466,  82.4722566250735,  4.00920210015717,  3.70808677198283, 0.948309379132166],
 [  9.5152641837692,  4.00920210015717,  393.411568910018,  270.137465486276,  37.6660640891641],
 [ 8.74570937056474,  3.70808677198283,  270.137465486276,  348.484405031472,  29.9988964389556],
 [0.475883364337751, 0.948309379132166,  37.6660640891641,  29.9988964389556,  7.62774535377135]]

[[ -1256.6362317133],
 [ 1006.39074537071],
 [  135.83782953929],
 [-154.803747160344],
 [-2.72220125691574]]

[[-0.0298223045010995,  9.321560172941e-05,  -0.529286031653208],
 [ 0.0548986418056931,  -0.124690285294421,   -2.85642299637614]]

[[0.625145151884666],
 [-2.10173028467202]]

[[  71.6283606459139,   23.1100507918419,   3.52695819154351],
 [  23.1100507918419,   82.3543573095818, -0.662209150643676],
 [  3.52695819154352, -0.662209150643675,   142.841370154666]]

[[-1252.1690723793],
 [1006.71574729763],
 [225.549048829854]]

K: 65

[[ 72.3484430791604,  23.8071377060585,  9.58156552254669,  8.81899641902338, 0.480645519243378],
 [ 23.8071377060585,  83.5434383089761,  4.08434596085057,  3.79444390199855, 0.953297437594171],
 [ 9.58156552254669,  4.08434596085057,   392.98525775204,  269.694240766997,  37.6204650700602],
 [ 8.81899641902338,  3.79444390199855,  269.694240766997,  348.030269376256,  29.9532290192972],
 [0.480645519243378, 0.953297437594171,  37.6204650700602,  29.9532290192972,  7.62425904417208]]

[[-1254.75841816198],
 [ 991.059938654856],
 [ 135.170497780149],
 [-154.309027203106],
 [-2.81136426451771]]

[[  -0.0300871832208639, -0.000213797006733046,     -0.52916729430376],
 [   0.0551611334137694,    -0.124194826199098,     -2.85538513160814]]

[[0.621930685433026],
 [-2.07462363211242]]

[[ 72.1096172696888,  23.7455585442959,  3.54241297979592],
 [  23.745558544296,  83.4242324586495, -0.64558098146394],
 [ 3.54241297979593, -0.64558098146394,  142.850969470828]]

[[-1250.27077222716],
 [ 991.442086359198],
 [ 224.853315912301]]

K: 64

[[ 72.8239612122494,  24.4430811274016,  9.64658830529739,  8.89151852586916, 0.485266744515967],
 [ 24.4430811274016,  84.6225225641958,  4.15880358933263,  3.88092437826322, 0.958189284567327],
 [ 9.64658830529739,  4.15880358933263,  392.564613804044,  269.256116593486,  37.5752426458688],
 [ 8.89151852586916,  3.88092437826322,  269.256116593486,  347.580760883846,  29.9078208654758],
 [0.485266744515967, 0.958189284567327,  37.5752426458688,  29.9078208654758,  7.62079616205081]]

[[ -1253.0591574801],
 [ 975.512304873102],
 [ 134.473936011005],
 [-153.831981938693],
 [-2.90358379504467]]

[[  -0.0303512656824321, -0.000523483114275337,    -0.529053350999605],
 [   0.0554369207063249,    -0.123679078316384,     -2.85434872332804]]

[[0.618732531369017],
 [-2.04720839988769]]

[[  72.5809940651877,   24.3784092238937,   3.55738012102854],
 [  24.3784092238937,   84.5019829982481, -0.629418819074941],
 [  3.55738012102854, -0.629418819074941,   142.860917168143]]

[[-1248.55112787043],
 [ 975.951945885668],
 [ 224.147102245042]]

K: 63

[[  73.289518431708,  25.0763859546789,  9.71033137892257,  8.96326677045138, 0.489746974847711],
 [ 25.0763859546789,  85.7096220411808,  4.23257171334315,  3.96752941777272, 0.962984727737502],
 [ 9.71033137892257,  4.23257171334315,  392.149714457841,  268.823165616803,  37.5304027103507],
 [ 8.96326677045138,  3.96752941777272,  268.823165616803,  347.135948594152,  29.8626767456692],
 [0.489746974847711, 0.962984727737502,  37.5304027103507,  29.8626767456692,  7.61735796234211]]

[[-1251.54092175889],
 [  959.74492535329],
 [ 133.748213143159],
 [-153.372943437998],
 [-2.99885148017429]]

[[  -0.0306144873178899, -0.000835838773933084,    -0.528944328426565],
 [   0.0557258259043806,    -0.123143004340527,      -2.8533133563557]]

[[0.615552416205929],
 [-2.01949172154555]]

[[  73.0424041694947,   25.0085851949216,   3.57186067195024],
 [  25.0085851949216,    85.587720993749, -0.613727655673256],
 [  3.57186067195024, -0.613727655673256,   142.871226332306]]

[[-1247.0126012026],
 [960.242407987128],
 [223.430624690885]]

K: 62

[[ 73.7450265706403,  25.7070342605137,  9.77279368743258,  9.03423232602869, 0.494086145243504],
 [ 25.7070342605137,  86.8048505478293,  4.30564698369929,  4.05426029153728,  0.96768357615148],
 [ 9.77279368743259,  4.30564698369929,    391.7406360361,  268.395459575922,  37.4859510686275],
 [ 9.03423232602869,  4.05426029153728,  268.395459575922,  346.695900770026,  29.8178013894633],
 [0.494086145243504,  0.96768357615148,  37.4859510686275,  29.8178013894633,  7.61394573316224]]

[[-1250.20620016981],
 [ 943.754824941803],
 [  132.99341068394],
 [-152.932247895708],
 [-3.09715776442003]]

[[  -0.030876783708389, -0.00115085986412351,   -0.528840354329254],
 [  0.0560276726245436,   -0.122586566546002,    -2.85227859215183]]

[[0.612392108807227],
 [-1.99148103228875]]

[[  73.4937610299322,   25.6360688010032,   3.58585572828591],
 [  25.6360688010032,   86.6815596552777, -0.598512613654099],
 [  3.58585572828591, -0.598512613654099,   142.881910354109]]

[[-1245.65767077079],
 [ 944.310498464228],
 [ 222.704111637448]]

K: 61

[[ 74.1903977938168,  26.3350081016197,  9.83397427271851,  9.10440646419544, 0.498284190786775],
 [ 26.3350081016197,  87.9083230641739,  4.37802597456209,  4.14111832676415, 0.972285639898903],
 [ 9.83397427271852,  4.37802597456209,  391.337453739901,  267.973069245828,  37.4418934322627],
 [ 9.10440646419544,  4.14111832676415,  267.973069245828,  346.260684846219,  29.7731994838545],
